0.000000 6187
1.000000 6188
2.000000 6189
3.000000 6190
4.000000 6191
5.000000 6192
6.000000 6193
7.000000 6194
8.000000 6195
9.000000 6196
10.000000 6197
11.000000 6198
12.000000 6199
13.000000 6200
14.000000 6201
15.000000 6202
16.000000 6203
17.000000 6204
18.000000 6205
19.000000 6207
20.000000 6209
21.000000 6210
22.000000 6211
23.000000 6212
24.000000 6213
25.000000 6214
26.000000 6215
27.000000 6216
28.000000 6217
29.000000 6218
30.000000 6219
31.000000 6220
32.000000 6221
33.000000 6222
34.000000 6223
35.000000 6224
36.000000 6225
37.000000 6226
38.000000 6227
39.000000 6228
40.000000 6229
41.000000 6230
42.000000 6231
43.000000 6232
44.000000 6233
45.000000 6234
46.000000 6236
47.000000 6237
48.000000 6239
49.000000 6240
50.000000 6241
51.000000 6242
52.000000 6244
53.000000 6245
54.000000 6246
55.000000 6247
56.000000 6248
57.000000 6249
58.000000 6250
59.000000 6251
60.000000 6252
61.000000 6253
62.000000 6254
63.000000 6256
64.000000 6258
65.000000 6259
66.000000 6260
67.000000 6262
68.000000 6263
69.000000 6264
70.000000 6266
71.000000 6267
72.000000 6268
73.000000 6269
74.000000 6270
75.000000 6271
76.000000 6272
77.000000 6273
78.000000 6274
79.000000 6275
80.000000 6276
81.000000 6277
82.000000 6278
83.000000 6279
84.000000 6280
85.000000 6281
86.000000 6282
87.000000 6283
88.000000 6284
89.000000 6285
90.000000 6286
91.000000 6287
92.000000 6289
93.000000 6290
94.000000 6291
95.000000 6292
96.000000 6293
97.000000 6294
98.000000 6295
99.000000 6296
100.000000 6297
101.000000 6298
102.000000 6299
103.000000 6300
104.000000 6301
105.000000 6302
106.000000 6303
107.000000 6305
108.000000 6306
109.000000 6307
110.000000 6308
111.000000 6311
112.000000 6312
113.000000 6313
114.000000 6314
115.000000 6315
116.000000 6316
117.000000 6317
118.000000 6318
119.000000 6319
120.000000 6321
121.000000 6322
122.000000 6323
123.000000 6324
124.000000 6325
125.000000 6326
126.000000 6327
127.000000 6328
128.000000 6329
129.000000 6330
130.000000 6331
131.000000 6332
132.000000 6334
133.000000 6335
134.000000 6336
135.000000 6337
136.000000 6338
137.000000 6339
138.000000 6340
139.000000 6341
140.000000 6342
141.000000 6343
142.000000 6344
143.000000 6345
144.000000 6346
145.000000 6347
146.000000 6348
147.000000 6349
148.000000 6350
149.000000 6351
150.000000 6352
151.000000 6355
152.000000 6356
153.000000 6357
154.000000 6358
155.000000 6359
156.000000 6360
157.000000 6361
158.000000 6362
159.000000 6363
160.000000 6364
161.000000 6365
162.000000 6366
163.000000 6367
164.000000 6368
165.000000 6369
166.000000 6371
167.000000 6372
168.000000 6373
169.000000 6374
170.000000 6375
171.000000 6376
172.000000 6377
173.000000 6378
174.000000 6380
175.000000 6381
176.000000 6382
177.000000 6383
178.000000 6384
179.000000 6385
180.000000 6386
181.000000 6387
182.000000 6388
183.000000 6389
184.000000 6390
185.000000 6391
186.000000 6392
187.000000 6393
188.000000 6395
189.000000 6396
190.000000 6397
191.000000 6398
192.000000 6399
193.000000 6400
194.000000 6401
195.000000 6402
196.000000 6403
197.000000 6404
198.000000 6405
199.000000 6406
200.000000 6407
201.000000 6408
202.000000 6409
203.000000 6410
204.000000 6411
205.000000 6412
206.000000 6413
207.000000 6414
208.000000 6415
209.000000 6416
210.000000 6417
211.000000 6418
212.000000 6419
213.000000 6420
214.000000 6421
215.000000 6422
216.000000 6423
217.000000 6424
218.000000 6425
219.000000 6426
220.000000 6427
221.000000 6428
222.000000 6430
223.000000 6431
224.000000 6432
225.000000 6433
226.000000 6434
227.000000 6435
228.000000 6436
229.000000 6437
230.000000 6438
231.000000 6439
232.000000 6440
233.000000 6441
234.000000 6442
235.000000 6443
236.000000 6444
237.000000 6445
238.000000 6446
239.000000 6447
240.000000 6448
241.000000 6449
242.000000 6450
243.000000 6452
244.000000 6453
245.000000 6454
246.000000 6455
247.000000 6456
248.000000 6457
249.000000 6458
250.000000 6459
251.000000 6460
252.000000 6461
253.000000 6462
254.000000 6463
255.000000 6464
256.000000 6465
257.000000 6466
258.000000 6467
259.000000 6468
260.000000 6469
261.000000 6470
262.000000 6472
263.000000 6473
264.000000 6474
265.000000 6475
266.000000 6476
267.000000 6477
268.000000 6478
269.000000 6479
270.000000 6480
271.000000 6481
272.000000 6482
273.000000 6483
274.000000 6484
275.000000 6485
276.000000 6486
277.000000 6487
278.000000 6488
279.000000 6489
280.000000 6490
281.000000 6491
282.000000 6492
283.000000 6493
284.000000 6494
285.000000 6495
286.000000 6496
287.000000 6497
288.000000 6499
289.000000 6500
290.000000 6501
291.000000 6502
292.000000 6503
293.000000 6504
294.000000 6505
295.000000 6506
296.000000 6508
297.000000 6509
298.000000 6510
299.000000 6511
300.000000 6512
301.000000 6513
302.000000 6514
303.000000 6515
304.000000 6516
305.000000 6517
306.000000 6519
307.000000 6520
308.000000 6521
309.000000 6522
310.000000 6523
311.000000 6524
312.000000 6525
313.000000 6526
314.000000 6527
315.000000 6528
316.000000 6529
317.000000 6530
318.000000 6531
319.000000 6532
320.000000 6533
321.000000 6534
322.000000 6535
323.000000 6536
324.000000 6537
325.000000 6538
326.000000 6539
327.000000 6541
328.000000 6542
329.000000 6543
330.000000 6544
331.000000 6545
332.000000 6546
333.000000 6547
334.000000 6548
335.000000 6549
336.000000 6551
337.000000 6552
338.000000 6553
339.000000 6554
340.000000 6555
341.000000 6556
342.000000 6558
343.000000 6560
344.000000 6561
345.000000 6562
346.000000 6563
347.000000 6565
348.000000 6566
349.000000 6567
350.000000 6568
351.000000 6569
352.000000 6570
353.000000 6571
354.000000 6573
355.000000 6574
356.000000 6575
357.000000 6576
358.000000 6577
359.000000 6578
360.000000 6579
361.000000 6580
362.000000 6581
363.000000 6582
364.000000 6583
365.000000 6584
366.000000 6585
367.000000 6586
368.000000 6587
369.000000 6588
370.000000 6589
371.000000 6590
372.000000 6591
373.000000 6592
374.000000 6593
375.000000 6594
376.000000 6595
377.000000 6596
378.000000 6597
379.000000 6598
380.000000 6599
381.000000 6600
382.000000 6604
383.000000 6605
384.000000 6609
385.000000 6610
386.000000 6611
387.000000 6612
388.000000 6613
389.000000 6614
390.000000 6615
391.000000 6616
392.000000 6617
393.000000 6618
394.000000 6619
395.000000 6620
396.000000 6621
397.000000 6622
398.000000 6623
399.000000 6624
400.000000 6625
401.000000 6626
402.000000 6627
403.000000 6628
404.000000 6629
405.000000 6630
406.000000 6631
407.000000 6632
408.000000 6633
409.000000 6634
410.000000 6635
411.000000 6636
412.000000 6637
413.000000 6638
414.000000 6639
415.000000 6640
416.000000 6641
417.000000 6642
418.000000 6643
419.000000 6644
420.000000 6645
421.000000 6646
422.000000 6647
423.000000 6648
424.000000 6649
425.000000 6650
426.000000 6651
427.000000 6652
428.000000 6654
429.000000 6655
430.000000 6656
431.000000 6657
432.000000 6658
433.000000 6659
434.000000 6661
435.000000 6662
436.000000 6663
437.000000 6664
438.000000 6665
439.000000 6666
440.000000 6667
441.000000 6668
442.000000 6669
443.000000 6670
444.000000 6672
445.000000 6673
446.000000 6674
447.000000 6675
448.000000 6676
449.000000 6677
450.000000 6678
451.000000 6679
452.000000 6680
453.000000 6681
454.000000 6682
455.000000 6683
456.000000 6684
457.000000 6685
458.000000 6686
459.000000 6687
460.000000 6688
461.000000 6689
462.000000 6690
463.000000 6691
464.000000 6692
465.000000 6693
466.000000 6694
467.000000 6695
468.000000 6696
469.000000 6697
470.000000 6698
471.000000 6699
472.000000 6700
473.000000 6701
474.000000 6702
475.000000 6703
476.000000 6704
477.000000 6705
478.000000 6706
479.000000 6707
480.000000 6708
481.000000 6709
482.000000 6710
483.000000 6711
484.000000 6712
485.000000 6713
486.000000 6714
487.000000 6715
488.000000 6716
489.000000 6717
490.000000 6718
491.000000 6719
492.000000 6720
493.000000 6721
494.000000 6722
495.000000 6723
496.000000 6724
497.000000 6725
498.000000 6726
499.000000 6728
500.000000 6729
501.000000 6730
502.000000 6731
503.000000 6732
504.000000 6733
505.000000 6734
506.000000 6735
507.000000 6736
508.000000 6737
509.000000 6738
510.000000 6741
511.000000 6742
512.000000 6743
513.000000 6744
514.000000 6745
515.000000 6746
516.000000 6748
517.000000 6749
518.000000 6750
519.000000 6751
520.000000 6752
521.000000 6753
522.000000 6754
523.000000 6755
524.000000 6756
525.000000 6757
526.000000 6758
527.000000 6759
528.000000 6760
529.000000 6761
530.000000 6762
531.000000 6763
532.000000 6764
533.000000 6765
534.000000 6766
535.000000 6767
536.000000 6768
537.000000 6769
538.000000 6770
539.000000 6772
540.000000 6774
541.000000 6775
542.000000 6776
543.000000 6777
544.000000 6778
545.000000 6779
546.000000 6780
547.000000 6781
548.000000 6782
549.000000 6783
550.000000 6784
551.000000 6785
552.000000 6786
553.000000 6787
554.000000 6788
555.000000 6789
556.000000 6790
557.000000 6791
558.000000 6792
559.000000 6793
560.000000 6794
561.000000 6795
562.000000 6796
563.000000 6797
564.000000 6798
565.000000 6799
566.000000 6800
567.000000 6801
568.000000 6802
569.000000 6803
570.000000 6804
571.000000 6805
572.000000 6806
573.000000 6807
574.000000 6808
575.000000 6809
576.000000 6810
577.000000 6811
578.000000 6812
579.000000 6813
580.000000 6814
581.000000 6815
582.000000 6816
583.000000 6817
584.000000 6818
585.000000 6819
586.000000 6820
587.000000 6821
588.000000 6822
589.000000 6823
590.000000 6824
591.000000 6825
592.000000 6827
593.000000 6828
594.000000 6829
595.000000 6830
596.000000 6831
597.000000 6832
598.000000 6833
599.000000 6834
600.000000 6835
601.000000 6836
602.000000 6838
603.000000 6839
604.000000 6840
605.000000 6841
606.000000 6842
607.000000 6843
608.000000 6844
609.000000 6845
610.000000 6846
611.000000 6847
612.000000 6848
613.000000 6849
614.000000 6850
615.000000 6851
616.000000 6852
617.000000 6853
618.000000 6854
619.000000 6855
620.000000 6856
621.000000 6857
622.000000 6858
623.000000 6859
624.000000 6860
625.000000 6861
626.000000 6862
627.000000 6863
628.000000 6864
629.000000 6865
630.000000 6867
631.000000 6868
632.000000 6869
633.000000 6871
634.000000 6873
635.000000 6874
636.000000 6875
637.000000 6876
638.000000 6877
639.000000 6878
640.000000 6879
641.000000 6880
642.000000 6881
643.000000 6883
644.000000 6884
645.000000 6885
646.000000 6886
647.000000 6887
648.000000 6888
649.000000 6889
650.000000 6891
651.000000 6892
652.000000 6893
653.000000 6894
654.000000 6895
655.000000 6896
656.000000 6897
657.000000 6899
658.000000 6900
659.000000 6901
660.000000 6902
661.000000 6904
662.000000 6905
663.000000 6906
664.000000 6907
665.000000 6908
666.000000 6909
667.000000 6910
668.000000 6911
669.000000 6914
670.000000 6915
671.000000 6916
672.000000 6917
673.000000 6918
674.000000 6919
675.000000 6920
676.000000 6921
677.000000 6922
678.000000 6923
679.000000 6924
680.000000 6925
681.000000 6926
682.000000 6927
683.000000 6929
684.000000 6930
685.000000 6931
686.000000 6932
687.000000 6933
688.000000 6934
689.000000 6935
690.000000 6936
691.000000 6937
692.000000 6938
693.000000 6939
694.000000 6940
695.000000 6941
696.000000 6942
697.000000 6943
698.000000 6944
699.000000 6945
700.000000 6946
701.000000 6947
702.000000 6948
703.000000 6949
704.000000 6950
705.000000 6951
706.000000 6952
707.000000 6953
708.000000 6954
709.000000 6955
710.000000 6956
711.000000 6957
712.000000 6958
713.000000 6959
714.000000 6960
715.000000 6961
716.000000 6962
717.000000 6963
718.000000 6964
719.000000 6965
720.000000 6966
721.000000 6968
722.000000 6970
723.000000 6971
724.000000 6972
725.000000 6973
726.000000 6974
727.000000 6975
728.000000 6976
729.000000 6977
730.000000 6979
731.000000 6980
732.000000 6981
733.000000 6982
734.000000 6983
735.000000 6984
736.000000 6985
737.000000 6986
738.000000 6988
739.000000 6989
740.000000 6990
741.000000 6991
742.000000 6992
743.000000 6993
744.000000 6994
745.000000 6995
746.000000 6996
747.000000 6997
748.000000 6998
749.000000 6999
750.000000 7000
751.000000 7001
752.000000 7002
753.000000 7003
754.000000 7004
755.000000 7005
756.000000 7006
757.000000 7007
758.000000 7008
759.000000 7009
760.000000 7011
761.000000 7012
762.000000 7014
763.000000 7015
764.000000 7016
765.000000 7017
766.000000 7018
767.000000 7019
768.000000 7020
769.000000 7021
770.000000 7022
771.000000 7023
772.000000 7024
773.000000 7026
774.000000 7027
775.000000 7028
776.000000 7029
777.000000 7030
778.000000 7031
779.000000 7032
780.000000 7033
781.000000 7034
782.000000 7035
783.000000 7036
784.000000 7038
785.000000 7039
786.000000 7040
787.000000 7042
788.000000 7043
789.000000 7044
790.000000 7045
791.000000 7046
792.000000 7047
793.000000 7048
794.000000 7049
795.000000 7050
796.000000 7051
797.000000 7052
798.000000 7053
799.000000 7054
800.000000 7055
801.000000 7056
802.000000 7057
803.000000 7058
804.000000 7059
805.000000 7061
806.000000 7063
807.000000 7064
808.000000 7065
809.000000 7066
810.000000 7068
811.000000 7069
812.000000 7070
813.000000 7071
814.000000 7072
815.000000 7073
816.000000 7074
817.000000 7075
818.000000 7076
819.000000 7078
820.000000 7079
821.000000 7080
822.000000 7081
823.000000 7084
824.000000 7085
825.000000 7087
826.000000 7088
827.000000 7089
828.000000 7090
829.000000 7091
830.000000 7092
831.000000 7093
832.000000 7094
833.000000 7095
834.000000 7096
835.000000 7097
836.000000 7098
837.000000 7099
838.000000 7100
839.000000 7101
840.000000 7102
841.000000 7103
842.000000 7104
843.000000 7106
844.000000 7107
845.000000 7108
846.000000 7109
847.000000 7110
848.000000 7111
849.000000 7112
850.000000 7113
851.000000 7114
852.000000 7116
853.000000 7117
854.000000 7118
855.000000 7119
856.000000 7120
857.000000 7121
858.000000 7122
859.000000 7123
860.000000 7124
861.000000 7125
862.000000 7126
863.000000 7127
864.000000 7128
865.000000 7129
866.000000 7130
867.000000 7131
868.000000 7132
869.000000 7133
870.000000 7134
871.000000 7135
872.000000 7136
873.000000 7137
874.000000 7138
875.000000 7139
876.000000 7140
877.000000 7141
878.000000 7142
879.000000 7144
880.000000 7145
881.000000 7146
882.000000 7148
883.000000 7149
884.000000 7150
885.000000 7151
886.000000 7152
887.000000 7153
888.000000 7154
889.000000 7155
890.000000 7156
891.000000 7157
892.000000 7158
893.000000 7159
894.000000 7160
895.000000 7161
896.000000 7162
897.000000 7163
898.000000 7164
899.000000 7165
900.000000 7166
901.000000 7167
902.000000 7168
903.000000 7169
904.000000 7170
905.000000 7171
906.000000 7172
907.000000 7173
908.000000 7174
909.000000 7175
910.000000 7176
911.000000 7177
912.000000 7179
913.000000 7180
914.000000 7181
915.000000 7182
916.000000 7183
917.000000 7184
918.000000 7185
919.000000 7186
920.000000 7187
921.000000 7188
922.000000 7190
923.000000 7191
924.000000 7192
925.000000 7193
926.000000 7194
927.000000 7195
928.000000 7196
929.000000 7197
930.000000 7198
931.000000 7199
932.000000 7200
933.000000 7201
934.000000 7202
935.000000 7203
936.000000 7204
937.000000 7205
938.000000 7206
939.000000 7208
940.000000 7209
941.000000 7210
942.000000 7211
943.000000 7212
944.000000 7213
945.000000 7214
946.000000 7215
947.000000 7216
948.000000 7217
949.000000 7218
950.000000 7219
951.000000 7220
952.000000 7221
953.000000 7222
954.000000 7223
955.000000 7224
956.000000 7225
957.000000 7226
958.000000 7227
959.000000 7228
960.000000 7229
961.000000 7230
962.000000 7231
963.000000 7232
964.000000 7233
965.000000 7234
966.000000 7235
967.000000 7236
968.000000 7237
969.000000 7238
970.000000 7239
971.000000 7240
972.000000 7242
973.000000 7243
974.000000 7244
975.000000 7245
976.000000 7246
977.000000 7247
978.000000 7248
979.000000 7249
980.000000 7250
981.000000 7251
982.000000 7252
983.000000 7253
984.000000 7254
985.000000 7255
986.000000 7257
987.000000 7258
988.000000 7261
989.000000 7262
990.000000 7263
991.000000 7264
992.000000 7265
993.000000 7266
994.000000 7268
995.000000 7269
996.000000 7270
997.000000 7271
998.000000 7272
999.000000 7273
1000.000000 7274
1001.000000 7275
1002.000000 7276
1003.000000 7277
1004.000000 7278
1005.000000 7279
1006.000000 7280
1007.000000 7281
1008.000000 7282
1009.000000 7283
1010.000000 7284
1011.000000 7285
1012.000000 7286
1013.000000 7287
1014.000000 7288
1015.000000 7290
1016.000000 7291
1017.000000 7292
1018.000000 7293
1019.000000 7294
1020.000000 7295
1021.000000 7296
1022.000000 7297
1023.000000 7298
1024.000000 7299
1025.000000 7300
1026.000000 7301
1027.000000 7302
1028.000000 7304
1029.000000 7305
1030.000000 7306
1031.000000 7307
1032.000000 7308
1033.000000 7309
1034.000000 7310
1035.000000 7311
1036.000000 7312
1037.000000 7313
1038.000000 7314
1039.000000 7315
1040.000000 7316
1041.000000 7317
1042.000000 7318
1043.000000 7319
1044.000000 7320
1045.000000 7321
1046.000000 7322
1047.000000 7323
1048.000000 7324
1049.000000 7325
1050.000000 7326
1051.000000 7327
1052.000000 7328
1053.000000 7329
1054.000000 7330
1055.000000 7331
1056.000000 7332
1057.000000 7333
1058.000000 7334
1059.000000 7335
1060.000000 7336
1061.000000 7337
1062.000000 7338
1063.000000 7339
1064.000000 7340
1065.000000 7341
1066.000000 7342
1067.000000 7343
1068.000000 7344
1069.000000 7345
1070.000000 7346
1071.000000 7347
1072.000000 7348
1073.000000 7349
1074.000000 7350
1075.000000 7351
1076.000000 7352
1077.000000 7354
1078.000000 7355
1079.000000 7356
1080.000000 7357
1081.000000 7358
1082.000000 7359
1083.000000 7360
1084.000000 7361
1085.000000 7362
1086.000000 7363
1087.000000 7364
1088.000000 7365
1089.000000 7366
1090.000000 7367
1091.000000 7368
1092.000000 7369
1093.000000 7370
1094.000000 7371
1095.000000 7372
1096.000000 7373
1097.000000 7374
1098.000000 7376
1099.000000 7377
1100.000000 7378
1101.000000 7379
1102.000000 7380
1103.000000 7381
1104.000000 7382
1105.000000 7383
1106.000000 7384
1107.000000 7385
1108.000000 7386
1109.000000 7387
1110.000000 7388
1111.000000 7389
1112.000000 7390
1113.000000 7391
1114.000000 7392
1115.000000 7393
1116.000000 7394
1117.000000 7395
1118.000000 7396
1119.000000 7398
1120.000000 7399
1121.000000 7400
1122.000000 7402
1123.000000 7403
1124.000000 7404
1125.000000 7405
1126.000000 7406
1127.000000 7407
1128.000000 7408
1129.000000 7409
1130.000000 7410
1131.000000 7411
1132.000000 7412
1133.000000 7413
1134.000000 7414
1135.000000 7415
1136.000000 7416
1137.000000 7417
1138.000000 7418
1139.000000 7419
1140.000000 7420
1141.000000 7421
1142.000000 7422
1143.000000 7423
1144.000000 7424
1145.000000 7425
1146.000000 7426
1147.000000 7427
1148.000000 7428
1149.000000 7429
1150.000000 7430
1151.000000 7432
1152.000000 7433
1153.000000 7434
1154.000000 7435
1155.000000 7436
1156.000000 7437
1157.000000 7438
1158.000000 7439
1159.000000 7440
1160.000000 7442
1161.000000 7443
1162.000000 7444
1163.000000 7445
1164.000000 7446
1165.000000 7447
1166.000000 7448
1167.000000 7449
1168.000000 7450
1169.000000 7451
1170.000000 7452
1171.000000 7453
1172.000000 7454
1173.000000 7455
1174.000000 7456
1175.000000 7457
1176.000000 7458
1177.000000 7459
1178.000000 7460
1179.000000 7461
1180.000000 7462
1181.000000 7463
1182.000000 7464
1183.000000 7466
1184.000000 7467
1185.000000 7468
1186.000000 7469
1187.000000 7470
1188.000000 7471
1189.000000 7472
1190.000000 7473
1191.000000 7474
1192.000000 7475
1193.000000 7476
1194.000000 7477
1195.000000 7478
1196.000000 7480
1197.000000 7481
1198.000000 7482
1199.000000 7483
1200.000000 7484
1201.000000 7485
1202.000000 7486
1203.000000 7487
1204.000000 7488
1205.000000 7489
1206.000000 7490
1207.000000 7491
1208.000000 7492
1209.000000 7493
1210.000000 7494
1211.000000 7495
1212.000000 7496
1213.000000 7497
1214.000000 7498
1215.000000 7499
1216.000000 7500
1217.000000 7501
1218.000000 7502
1219.000000 7503
1220.000000 7504
1221.000000 7505
1222.000000 7506
1223.000000 7507
1224.000000 7509
1225.000000 7510
1226.000000 7511
1227.000000 7512
1228.000000 7514
1229.000000 7515
1230.000000 7517
1231.000000 7518
1232.000000 7519
1233.000000 7520
1234.000000 7521
1235.000000 7522
1236.000000 7523
1237.000000 7524
1238.000000 7525
1239.000000 7526
1240.000000 7527
1241.000000 7528
1242.000000 7529
1243.000000 7530
1244.000000 7531
1245.000000 7532
1246.000000 7533
1247.000000 7534
1248.000000 7535
1249.000000 7536
1250.000000 7537
1251.000000 7538
1252.000000 7539
1253.000000 7541
1254.000000 7542
1255.000000 7544
1256.000000 7545
1257.000000 7546
1258.000000 7547
1259.000000 7548
1260.000000 7549
1261.000000 7550
1262.000000 7551
1263.000000 7552
1264.000000 7553
1265.000000 7554
1266.000000 7555
1267.000000 7556
1268.000000 7557
1269.000000 7558
1270.000000 7559
1271.000000 7560
1272.000000 7561
1273.000000 7562
1274.000000 7563
1275.000000 7564
1276.000000 7565
1277.000000 7566
1278.000000 7567
1279.000000 7568
1280.000000 7569
1281.000000 7570
1282.000000 7571
1283.000000 7572
1284.000000 7573
1285.000000 7574
1286.000000 7575
1287.000000 7576
1288.000000 7577
1289.000000 7578
1290.000000 7579
1291.000000 7580
1292.000000 7582
1293.000000 7584
1294.000000 7585
1295.000000 7587
1296.000000 7588
1297.000000 7589
1298.000000 7590
1299.000000 7591
1300.000000 7592
1301.000000 7593
1302.000000 7594
1303.000000 7595
1304.000000 7596
1305.000000 7597
1306.000000 7598
1307.000000 7599
1308.000000 7600
1309.000000 7601
1310.000000 7602
1311.000000 7603
1312.000000 7604
1313.000000 7606
1314.000000 7607
1315.000000 7608
1316.000000 7609
1317.000000 7610
1318.000000 7611
1319.000000 7612
1320.000000 7613
1321.000000 7614
1322.000000 7615
1323.000000 7616
1324.000000 7617
1325.000000 7618
1326.000000 7619
1327.000000 7620
1328.000000 7621
1329.000000 7622
1330.000000 7623
1331.000000 7624
1332.000000 7625
1333.000000 7626
1334.000000 7627
1335.000000 7628
1336.000000 7629
1337.000000 7630
1338.000000 7631
1339.000000 7632
1340.000000 7633
1341.000000 7634
1342.000000 7635
1343.000000 7637
1344.000000 7638
1345.000000 7639
1346.000000 7640
1347.000000 7641
1348.000000 7642
1349.000000 7643
1350.000000 7644
1351.000000 7645
1352.000000 7646
1353.000000 7647
1354.000000 7648
1355.000000 7649
1356.000000 7650
1357.000000 7651
1358.000000 7652
1359.000000 7653
1360.000000 7654
1361.000000 7655
1362.000000 7656
1363.000000 7657
1364.000000 7658
1365.000000 7659
1366.000000 7660
1367.000000 7661
1368.000000 7662
1369.000000 7663
1370.000000 7665
1371.000000 7666
1372.000000 7667
1373.000000 7668
1374.000000 7669
1375.000000 7670
1376.000000 7671
1377.000000 7672
1378.000000 7673
1379.000000 7674
1380.000000 7675
1381.000000 7676
1382.000000 7677
1383.000000 7678
1384.000000 7679
1385.000000 7680
1386.000000 7682
1387.000000 7683
1388.000000 7684
1389.000000 7685
1390.000000 7686
1391.000000 7687
1392.000000 7688
1393.000000 7689
1394.000000 7690
1395.000000 7692
1396.000000 7693
1397.000000 7695
1398.000000 7696
1399.000000 7697
1400.000000 7698
1401.000000 7699
1402.000000 7700
1403.000000 7701
1404.000000 7702
1405.000000 7703
1406.000000 7704
1407.000000 7705
1408.000000 7706
1409.000000 7707
1410.000000 7708
1411.000000 7709
1412.000000 7711
1413.000000 7712
1414.000000 7713
1415.000000 7714
1416.000000 7715
1417.000000 7716
1418.000000 7717
1419.000000 7718
1420.000000 7719
1421.000000 7720
1422.000000 7721
1423.000000 7722
1424.000000 7723
1425.000000 7724
1426.000000 7725
1427.000000 7726
1428.000000 7727
1429.000000 7728
1430.000000 7729
1431.000000 7730
1432.000000 7731
1433.000000 7732
1434.000000 7734
1435.000000 7735
1436.000000 7736
1437.000000 7737
1438.000000 7738
1439.000000 7739
1440.000000 7740
1441.000000 7742
1442.000000 7743
1443.000000 7744
1444.000000 7745
1445.000000 7746
1446.000000 7747
1447.000000 7748
1448.000000 7749
1449.000000 7750
1450.000000 7751
1451.000000 7752
1452.000000 7753
1453.000000 7754
1454.000000 7755
1455.000000 7756
1456.000000 7757
1457.000000 7758
1458.000000 7759
1459.000000 7760
1460.000000 7761
1461.000000 7762
1462.000000 7763
1463.000000 7764
1464.000000 7765
1465.000000 7766
1466.000000 7767
1467.000000 7768
1468.000000 7769
1469.000000 7770
1470.000000 7771
1471.000000 7772
1472.000000 7773
1473.000000 7775
1474.000000 7776
1475.000000 7777
1476.000000 7778
1477.000000 7779
1478.000000 7780
1479.000000 7781
1480.000000 7782
1481.000000 7783
1482.000000 7784
1483.000000 7785
1484.000000 7786
1485.000000 7787
1486.000000 7788
1487.000000 7789
1488.000000 7790
1489.000000 7791
1490.000000 7792
1491.000000 7793
1492.000000 7795
1493.000000 7796
1494.000000 7797
1495.000000 7798
1496.000000 7799
1497.000000 7800
1498.000000 7802
1499.000000 7803
1500.000000 7804
1501.000000 7805
1502.000000 7806
1503.000000 7807
1504.000000 7808
1505.000000 7809
1506.000000 7810
1507.000000 7811
1508.000000 7812
1509.000000 7813
1510.000000 7814
1511.000000 7815
1512.000000 7816
1513.000000 7817
1514.000000 7818
1515.000000 7819
1516.000000 7820
1517.000000 7821
1518.000000 7822
1519.000000 7823
1520.000000 7824
1521.000000 7825
1522.000000 7826
1523.000000 7827
1524.000000 7828
1525.000000 7829
1526.000000 7830
1527.000000 7832
1528.000000 7833
1529.000000 7834
1530.000000 7835
1531.000000 7836
1532.000000 7837
1533.000000 7838
1534.000000 7839
1535.000000 7841
1536.000000 7842
1537.000000 7843
1538.000000 7844
1539.000000 7845
1540.000000 7846
1541.000000 7847
1542.000000 7848
1543.000000 7849
1544.000000 7850
1545.000000 7851
1546.000000 7852
1547.000000 7853
1548.000000 7854
1549.000000 7855
1550.000000 7856
1551.000000 7857
1552.000000 7858
1553.000000 7859
1554.000000 7860
1555.000000 7861
1556.000000 7862
1557.000000 7863
1558.000000 7864
1559.000000 7865
1560.000000 7866
1561.000000 7867
1562.000000 7868
1563.000000 7870
1564.000000 7871
1565.000000 7872
1566.000000 7873
1567.000000 7874
1568.000000 7875
1569.000000 7876
1570.000000 7877
1571.000000 7878
1572.000000 7880
1573.000000 7881
1574.000000 7882
1575.000000 7883
1576.000000 7884
1577.000000 7885
1578.000000 7886
1579.000000 7887
1580.000000 7888
1581.000000 7889
1582.000000 7890
1583.000000 7891
1584.000000 7892
1585.000000 7893
1586.000000 7894
1587.000000 7895
1588.000000 7896
1589.000000 7897
1590.000000 7898
1591.000000 7899
1592.000000 7900
1593.000000 7901
1594.000000 7902
1595.000000 7903
1596.000000 7904
1597.000000 7905
1598.000000 7906
1599.000000 7907
1600.000000 7908
1601.000000 7909
1602.000000 7910
1603.000000 7911
1604.000000 7912
1605.000000 7913
1606.000000 7914
1607.000000 7915
1608.000000 7916
1609.000000 7917
1610.000000 7918
1611.000000 7919
1612.000000 7920
1613.000000 7921
1614.000000 7922
1615.000000 7923
1616.000000 7925
1617.000000 7926
1618.000000 7927
1619.000000 7928
1620.000000 7929
1621.000000 7930
1622.000000 7931
1623.000000 7932
1624.000000 7933
1625.000000 7934
1626.000000 7935
1627.000000 7936
1628.000000 7937
1629.000000 7939
1630.000000 7940
1631.000000 7941
1632.000000 7942
1633.000000 7943
1634.000000 7944
1635.000000 7945
1636.000000 7946
1637.000000 7947
1638.000000 7948
1639.000000 7949
1640.000000 7950
1641.000000 7951
1642.000000 7952
1643.000000 7953
1644.000000 7954
1645.000000 7955
1646.000000 7956
1647.000000 7957
1648.000000 7958
1649.000000 7959
1650.000000 7960
1651.000000 7961
1652.000000 7962
1653.000000 7963
1654.000000 7964
1655.000000 7965
1656.000000 7966
1657.000000 7967
1658.000000 7968
1659.000000 7969
1660.000000 7970
1661.000000 7971
1662.000000 7972
1663.000000 7973
1664.000000 7974
1665.000000 7975
1666.000000 7976
1667.000000 7977
1668.000000 7978
1669.000000 7980
1670.000000 7981
1671.000000 7982
1672.000000 7983
1673.000000 7984
1674.000000 7985
1675.000000 7986
1676.000000 7987
1677.000000 7988
1678.000000 7989
1679.000000 7990
1680.000000 7991
1681.000000 7992
1682.000000 7994
1683.000000 7995
1684.000000 7997
1685.000000 7998
1686.000000 7999
1687.000000 8001
1688.000000 8002
1689.000000 8003
1690.000000 8005
1691.000000 8006
1692.000000 8007
1693.000000 8008
1694.000000 8009
1695.000000 8010
1696.000000 8012
1697.000000 8013
1698.000000 8014
1699.000000 8015
1700.000000 8016
1701.000000 8017
1702.000000 8018
1703.000000 8019
1704.000000 8020
1705.000000 8021
1706.000000 8022
1707.000000 8023
1708.000000 8024
1709.000000 8025
1710.000000 8026
1711.000000 8027
1712.000000 8028
1713.000000 8029
1714.000000 8030
1715.000000 8031
1716.000000 8032
1717.000000 8033
1718.000000 8034
1719.000000 8035
1720.000000 8036
1721.000000 8037
1722.000000 8038
1723.000000 8039
1724.000000 8040
1725.000000 8041
1726.000000 8042
1727.000000 8043
1728.000000 8044
1729.000000 8045
1730.000000 8046
1731.000000 8047
1732.000000 8048
1733.000000 8049
1734.000000 8050
1735.000000 8051
1736.000000 8052
1737.000000 8054
1738.000000 8055
1739.000000 8056
1740.000000 8057
1741.000000 8058
1742.000000 8059
1743.000000 8060
1744.000000 8061
1745.000000 8062
1746.000000 8063
1747.000000 8064
1748.000000 8065
1749.000000 8066
1750.000000 8067
1751.000000 8068
1752.000000 8070
1753.000000 8071
1754.000000 8072
1755.000000 8073
1756.000000 8074
1757.000000 8075
1758.000000 8076
1759.000000 8077
1760.000000 8078
1761.000000 8079
1762.000000 8080
1763.000000 8081
1764.000000 8082
1765.000000 8083
1766.000000 8084
1767.000000 8085
1768.000000 8086
1769.000000 8087
1770.000000 8088
1771.000000 8089
1772.000000 8090
1773.000000 8091
1774.000000 8092
1775.000000 8093
1776.000000 8094
1777.000000 8095
1778.000000 8096
1779.000000 8097
1780.000000 8098
1781.000000 8099
1782.000000 8100
1783.000000 8101
1784.000000 8102
1785.000000 8103
1786.000000 8104
1787.000000 8106
1788.000000 8107
1789.000000 8108
1790.000000 8109
1791.000000 8110
1792.000000 8111
1793.000000 8112
1794.000000 8113
1795.000000 8114
1796.000000 8115
1797.000000 8116
1798.000000 8117
1799.000000 8118
1800.000000 8119
1801.000000 8120
1802.000000 8121
1803.000000 8122
1804.000000 8123
1805.000000 8125
1806.000000 8126
1807.000000 8127
1808.000000 8128
1809.000000 8129
1810.000000 8130
1811.000000 8131
1812.000000 8132
1813.000000 8133
1814.000000 8134
1815.000000 8135
1816.000000 8136
1817.000000 8137
1818.000000 8138
1819.000000 8139
1820.000000 8140
1821.000000 8141
1822.000000 8142
1823.000000 8143
1824.000000 8144
1825.000000 8145
1826.000000 8146
1827.000000 8147
1828.000000 8148
1829.000000 8149
1830.000000 8150
1831.000000 8151
1832.000000 8152
1833.000000 8153
1834.000000 8154
1835.000000 8155
1836.000000 8156
1837.000000 8157
1838.000000 8158
1839.000000 8159
1840.000000 8160
1841.000000 8161
1842.000000 8162
1843.000000 8163
1844.000000 8164
1845.000000 8165
1846.000000 8166
1847.000000 8168
1848.000000 8169
1849.000000 8170
1850.000000 8171
1851.000000 8172
1852.000000 8174
1853.000000 8175
1854.000000 8176
1855.000000 8177
1856.000000 8178
1857.000000 8179
1858.000000 8180
1859.000000 8181
1860.000000 8182
1861.000000 8183
1862.000000 8184
1863.000000 8185
1864.000000 8186
1865.000000 8187
1866.000000 8188
1867.000000 8190
1868.000000 8191
1869.000000 8192
1870.000000 8193
1871.000000 8194
1872.000000 8195
1873.000000 8196
1874.000000 8197
1875.000000 8198
1876.000000 8199
1877.000000 8200
1878.000000 8201
1879.000000 8202
1880.000000 8203
1881.000000 8204
1882.000000 8205
1883.000000 8206
1884.000000 8207
1885.000000 8208
1886.000000 8209
1887.000000 8210
1888.000000 8211
1889.000000 8212
1890.000000 8213
1891.000000 8214
1892.000000 8215
1893.000000 8216
1894.000000 8217
1895.000000 8219
1896.000000 8220
1897.000000 8221
1898.000000 8222
1899.000000 8223
1900.000000 8224
1901.000000 8225
1902.000000 8226
1903.000000 8227
1904.000000 8228
1905.000000 8230
1906.000000 8231
1907.000000 8232
1908.000000 8233
1909.000000 8234
1910.000000 8235
1911.000000 8236
1912.000000 8237
1913.000000 8238
1914.000000 8239
1915.000000 8240
1916.000000 8241
1917.000000 8242
1918.000000 8243
1919.000000 8244
1920.000000 8246
1921.000000 8247
1922.000000 8253
1923.000000 8254
1924.000000 8255
1925.000000 8256
1926.000000 8257
1927.000000 8258
1928.000000 8259
1929.000000 8260
1930.000000 8261
1931.000000 8269
1932.000000 8270
1933.000000 8271
1934.000000 8272
1935.000000 8273
1936.000000 8275
1937.000000 8282
1938.000000 8283
1939.000000 8284
1940.000000 8285
1941.000000 8294
1942.000000 8295
1943.000000 8296
1944.000000 8297
1945.000000 8298
1946.000000 8299
1947.000000 8301
1948.000000 8302
1949.000000 8303
1950.000000 8304
1951.000000 8305
1952.000000 8306
1953.000000 8307
1954.000000 8308
1955.000000 8309
1956.000000 8310
1957.000000 8312
1958.000000 8313
1959.000000 8314
1960.000000 8315
1961.000000 8316
1962.000000 8317
1963.000000 8319
1964.000000 8320
1965.000000 8321
1966.000000 8323
1967.000000 8324
1968.000000 8325
1969.000000 8326
1970.000000 8327
1971.000000 8328
1972.000000 8329
1973.000000 8330
1974.000000 8331
1975.000000 8333
1976.000000 8334
1977.000000 8335
1978.000000 8336
1979.000000 8337
1980.000000 8338
1981.000000 8339
1982.000000 8340
1983.000000 8341
1984.000000 8343
1985.000000 8344
1986.000000 8345
1987.000000 8347
1988.000000 8348
1989.000000 8349
1990.000000 8350
1991.000000 8351
1992.000000 8352
1993.000000 8353
1994.000000 8354
1995.000000 8357
1996.000000 8360
1997.000000 8361
1998.000000 8362
1999.000000 8363
2000.000000 8365
2001.000000 8366
2002.000000 8367
2003.000000 8369
2004.000000 8371
2005.000000 8372
2006.000000 8373
2007.000000 8374
2008.000000 8375
2009.000000 8376
2010.000000 8377
2011.000000 8378
2012.000000 8379
2013.000000 8380
2014.000000 8382
2015.000000 8383
2016.000000 8384
2017.000000 8386
2018.000000 8387
2019.000000 8388
2020.000000 8389
2021.000000 8390
2022.000000 8391
2023.000000 8392
2024.000000 8394
2025.000000 8395
2026.000000 8396
2027.000000 8397
2028.000000 8398
2029.000000 8399
2030.000000 8400
2031.000000 8401
2032.000000 8402
2033.000000 8403
2034.000000 8404
2035.000000 8405
2036.000000 8406
2037.000000 8407
2038.000000 8408
2039.000000 8409
2040.000000 8412
2041.000000 8413
2042.000000 8414
2043.000000 8415
2044.000000 8416
2045.000000 8417
2046.000000 8419
2047.000000 8420
2048.000000 8421
2049.000000 8422
2050.000000 8423
2051.000000 8424
2052.000000 8425
2053.000000 8426
2054.000000 8427
2055.000000 8430
2056.000000 8433
2057.000000 8434
2058.000000 8436
2059.000000 8437
2060.000000 8438
2061.000000 8441
2062.000000 8443
2063.000000 8446
2064.000000 8448
2065.000000 8451
2066.000000 8453
2067.000000 8456
2068.000000 8457
2069.000000 8458
2070.000000 8460
2071.000000 8463
2072.000000 8472
2073.000000 8474
2074.000000 8476
2075.000000 8477
2076.000000 8478
2077.000000 8481
2078.000000 8482
2079.000000 8487
2080.000000 8489
2081.000000 8490
2082.000000 8491
2083.000000 8492
2084.000000 8493
2085.000000 8494
2086.000000 8495
2087.000000 8497
2088.000000 8498
2089.000000 8499
2090.000000 8500
2091.000000 8501
2092.000000 8502
2093.000000 8503
2094.000000 8504
2095.000000 8505
2096.000000 8506
2097.000000 8507
2098.000000 8508
2099.000000 8509
2100.000000 8510
2101.000000 8511
2102.000000 8512
2103.000000 8513
2104.000000 8514
2105.000000 8515
2106.000000 8516
2107.000000 8517
2108.000000 8518
2109.000000 8519
2110.000000 8520
2111.000000 8521
2112.000000 8522
2113.000000 8523
2114.000000 8527
2115.000000 8528
2116.000000 8529
2117.000000 8530
2118.000000 8532
2119.000000 8534
2120.000000 8535
2121.000000 8537
2122.000000 8538
2123.000000 8543
2124.000000 8545
2125.000000 8547
2126.000000 8548
2127.000000 8549
2128.000000 8550
2129.000000 8552
2130.000000 8553
2131.000000 8554
2132.000000 8555
2133.000000 8565
2134.000000 8566
2135.000000 8567
2136.000000 8569
2137.000000 8570
2138.000000 8571
2139.000000 8573
2140.000000 8574
2141.000000 8575
2142.000000 8576
2143.000000 8577
2144.000000 8578
2145.000000 8579
2146.000000 8583
2147.000000 8585
2148.000000 8588
2149.000000 8596
2150.000000 8599
2151.000000 8602
2152.000000 8604
2153.000000 8605
2154.000000 8607
2155.000000 8608
2156.000000 8614
2157.000000 8617
2158.000000 8619
2159.000000 8620
2160.000000 8621
2161.000000 8622
2162.000000 8623
2163.000000 8624
2164.000000 8625
2165.000000 8626
2166.000000 8627
2167.000000 8628
2168.000000 8630
2169.000000 8631
2170.000000 8632
2171.000000 8633
2172.000000 8634
2173.000000 8635
2174.000000 8636
2175.000000 8637
2176.000000 8639
2177.000000 8640
2178.000000 8641
2179.000000 8643
2180.000000 8644
2181.000000 8645
2182.000000 8647
2183.000000 8649
2184.000000 8650
2185.000000 8651
2186.000000 8653
2187.000000 8654
2188.000000 8656
2189.000000 8657
2190.000000 8659
2191.000000 8660
2192.000000 8661
2193.000000 8662
2194.000000 8663
2195.000000 8665
2196.000000 8666
2197.000000 8667
2198.000000 8668
2199.000000 8669
2200.000000 8670
2201.000000 8671
2202.000000 8672
2203.000000 8674
2204.000000 8676
2205.000000 8677
2206.000000 8678
2207.000000 8680
2208.000000 8681
2209.000000 8682
2210.000000 8683
2211.000000 8684
2212.000000 8685
2213.000000 8686
2214.000000 8688
2215.000000 8689
2216.000000 8690
2217.000000 8691
2218.000000 8694
2219.000000 8696
2220.000000 8697
2221.000000 8698
2222.000000 8699
2223.000000 8700
2224.000000 8701
2225.000000 8702
2226.000000 8703
2227.000000 8704
2228.000000 8705
2229.000000 8706
2230.000000 8708
2231.000000 8709
2232.000000 8710
2233.000000 8711
2234.000000 8714
2235.000000 8715
2236.000000 8716
2237.000000 8717
2238.000000 8718
2239.000000 8719
2240.000000 8720
2241.000000 8721
2242.000000 8722
2243.000000 8723
2244.000000 8724
2245.000000 8725
2246.000000 8727
2247.000000 8728
2248.000000 8729
2249.000000 8730
2250.000000 8731
2251.000000 8733
2252.000000 8734
2253.000000 8735
2254.000000 8736
2255.000000 8737
2256.000000 8738
2257.000000 8742
2258.000000 8744
2259.000000 8745
2260.000000 8746
2261.000000 8747
2262.000000 8751
2263.000000 8752
2264.000000 8753
2265.000000 8754
2266.000000 8755
2267.000000 8756
2268.000000 8757
2269.000000 8758
2270.000000 8759
2271.000000 8760
2272.000000 8761
2273.000000 8762
2274.000000 8763
2275.000000 8764
2276.000000 8765
2277.000000 8766
2278.000000 8767
2279.000000 8768
2280.000000 8769
2281.000000 8770
2282.000000 8771
2283.000000 8772
2284.000000 8775
2285.000000 8776
2286.000000 8777
2287.000000 8778
2288.000000 8779
2289.000000 8780
2290.000000 8781
2291.000000 8782
2292.000000 8783
2293.000000 8784
2294.000000 8786
2295.000000 8788
2296.000000 8789
2297.000000 8790
2298.000000 8791
2299.000000 8997
2300.000000 8998
2301.000000 8999
2302.000000 9000
2303.000000 9001
2304.000000 9002
2305.000000 9003
2306.000000 9004
2307.000000 9005
2308.000000 9006
2309.000000 9008
2310.000000 9011
2311.000000 9012
2312.000000 9013
2313.000000 9014
2314.000000 9015
2315.000000 9016
2316.000000 9017
2317.000000 9018
2318.000000 9019
2319.000000 9020
2320.000000 9021
2321.000000 9022
2322.000000 9023
2323.000000 9024
2324.000000 9025
2325.000000 9026
2326.000000 9027
2327.000000 9028
2328.000000 9029
2329.000000 9030
2330.000000 9031
2331.000000 9032
2332.000000 9033
2333.000000 9034
2334.000000 9035
2335.000000 9036
2336.000000 9037
2337.000000 9038
2338.000000 9039
2339.000000 9040
2340.000000 9041
2341.000000 9042
2342.000000 9043
2343.000000 9044
2344.000000 9045
2345.000000 9046
2346.000000 9047
2347.000000 9048
2348.000000 9049
2349.000000 9050
2350.000000 9051
2351.000000 9052
2352.000000 9053
2353.000000 9054
2354.000000 9055
2355.000000 9056
2356.000000 9057
2357.000000 9058
2358.000000 9059
2359.000000 9062
2360.000000 9064
2361.000000 9065
2362.000000 9066
2363.000000 9067
2364.000000 9068
2365.000000 9069
2366.000000 9070
2367.000000 9071
2368.000000 9072
2369.000000 9073
2370.000000 9074
2371.000000 9075
2372.000000 9076
2373.000000 9077
2374.000000 9078
2375.000000 9079
2376.000000 9080
2377.000000 9081
2378.000000 9082
2379.000000 9083
2380.000000 9084
2381.000000 9086
2382.000000 9087
2383.000000 9089
2384.000000 9090
2385.000000 9091
2386.000000 9092
2387.000000 9093
2388.000000 9094
2389.000000 9095
2390.000000 9096
2391.000000 9097
2392.000000 9098
2393.000000 9099
2394.000000 9100
2395.000000 9101
2396.000000 9102
2397.000000 9103
2398.000000 9104
2399.000000 9105
2400.000000 9106
2401.000000 9107
2402.000000 9108
2403.000000 9109
2404.000000 9110
2405.000000 9111
2406.000000 9112
2407.000000 9113
2408.000000 9114
2409.000000 9115
2410.000000 9116
2411.000000 9117
2412.000000 9120
2413.000000 9121
2414.000000 9122
2415.000000 9123
2416.000000 9124
2417.000000 9125
2418.000000 9126
2419.000000 9127
2420.000000 9128
2421.000000 9129
2422.000000 9130
2423.000000 9131
2424.000000 9132
2425.000000 9133
2426.000000 9138
2427.000000 9139
2428.000000 9140
2429.000000 9141
2430.000000 9142
2431.000000 9143
2432.000000 9144
2433.000000 9145
2434.000000 9146
2435.000000 9147
2436.000000 9149
2437.000000 9150
2438.000000 9151
2439.000000 9152
2440.000000 9153
2441.000000 9154
2442.000000 9155
2443.000000 9156
2444.000000 9157
2445.000000 9159
2446.000000 9160
2447.000000 9161
2448.000000 9162
2449.000000 9163
2450.000000 9164
2451.000000 9165
2452.000000 9166
2453.000000 9167
2454.000000 9168
2455.000000 9169
2456.000000 9170
2457.000000 9171
2458.000000 9172
2459.000000 9173
2460.000000 9174
2461.000000 9175
2462.000000 9176
2463.000000 9177
2464.000000 9178
2465.000000 9179
2466.000000 9180
2467.000000 9182
2468.000000 9183
2469.000000 9184
2470.000000 9185
2471.000000 9186
2472.000000 9187
2473.000000 9188
2474.000000 9189
2475.000000 9190
2476.000000 9191
2477.000000 9192
2478.000000 9194
2479.000000 9196
2480.000000 9197
2481.000000 9198
2482.000000 9199
2483.000000 9200
2484.000000 9201
2485.000000 9202
2486.000000 9203
2487.000000 9204
2488.000000 9205
2489.000000 9206
2490.000000 9207
2491.000000 9208
2492.000000 9209
2493.000000 9210
2494.000000 9211
2495.000000 9212
2496.000000 9213
2497.000000 9214
2498.000000 9216
2499.000000 9217
2500.000000 9218
2501.000000 9219
2502.000000 9220
2503.000000 9221
2504.000000 9222
2505.000000 9223
2506.000000 9224
2507.000000 9225
2508.000000 9226
2509.000000 9227
2510.000000 9228
2511.000000 9229
2512.000000 9230
2513.000000 9231
2514.000000 9232
2515.000000 9233
2516.000000 9235
2517.000000 9236
2518.000000 9237
2519.000000 9238
2520.000000 9239
2521.000000 9240
2522.000000 9241
2523.000000 9242
2524.000000 9243
2525.000000 9244
2526.000000 9245
2527.000000 9246
2528.000000 9247
2529.000000 9248
2530.000000 9249
2531.000000 9250
2532.000000 9252
2533.000000 9253
2534.000000 9254
2535.000000 9255
2536.000000 9257
2537.000000 9259
2538.000000 9260
2539.000000 9261
2540.000000 9262
2541.000000 9263
2542.000000 9264
2543.000000 9265
2544.000000 9266
2545.000000 9267
2546.000000 9268
2547.000000 9269
2548.000000 9270
2549.000000 9271
2550.000000 9272
2551.000000 9273
2552.000000 9274
2553.000000 9275
2554.000000 9276
2555.000000 9277
2556.000000 9278
2557.000000 9280
2558.000000 9281
2559.000000 9282
2560.000000 9284
2561.000000 9285
2562.000000 9286
2563.000000 9287
2564.000000 9288
2565.000000 9290
2566.000000 9291
2567.000000 9292
2568.000000 9293
2569.000000 9294
2570.000000 9295
2571.000000 9296
2572.000000 9297
2573.000000 9298
2574.000000 9299
2575.000000 9300
2576.000000 9301
2577.000000 9302
2578.000000 9303
2579.000000 9304
2580.000000 9305
2581.000000 9306
2582.000000 9307
2583.000000 9308
2584.000000 9309
2585.000000 9310
2586.000000 9311
2587.000000 9312
2588.000000 9313
2589.000000 9314
2590.000000 9315
2591.000000 9316
2592.000000 9317
2593.000000 9318
2594.000000 9319
2595.000000 9320
2596.000000 9322
2597.000000 9323
2598.000000 9324
2599.000000 9325
2600.000000 9327
2601.000000 9328
2602.000000 9329
2603.000000 9330
2604.000000 9331
2605.000000 9332
2606.000000 9333
2607.000000 9334
2608.000000 9335
2609.000000 9336
2610.000000 9337
2611.000000 9338
2612.000000 9339
2613.000000 9340
2614.000000 9341
2615.000000 9342
2616.000000 9343
2617.000000 9344
2618.000000 9345
2619.000000 9346
2620.000000 9347
2621.000000 9348
2622.000000 9349
2623.000000 9351
2624.000000 9352
2625.000000 9354
2626.000000 9355
2627.000000 9356
2628.000000 9357
2629.000000 9358
2630.000000 9360
2631.000000 9361
2632.000000 9362
2633.000000 9363
2634.000000 9364
2635.000000 9365
2636.000000 9366
2637.000000 9367
2638.000000 9368
2639.000000 9369
2640.000000 9370
2641.000000 9371
2642.000000 9372
2643.000000 9373
2644.000000 9374
2645.000000 9375
2646.000000 9376
2647.000000 9377
2648.000000 9378
2649.000000 9379
2650.000000 9380
2651.000000 9381
2652.000000 9382
2653.000000 9383
2654.000000 9384
2655.000000 9385
2656.000000 9386
2657.000000 9387
2658.000000 9388
2659.000000 9389
2660.000000 9390
2661.000000 9391
2662.000000 9393
2663.000000 9394
2664.000000 9395
2665.000000 9396
2666.000000 9397
2667.000000 9398
2668.000000 9399
2669.000000 9400
2670.000000 9401
2671.000000 9402
2672.000000 9403
2673.000000 9404
2674.000000 9405
2675.000000 9407
2676.000000 9408
2677.000000 9410
2678.000000 9411
2679.000000 9413
2680.000000 9414
2681.000000 9415
2682.000000 9416
2683.000000 9417
2684.000000 9418
2685.000000 9419
2686.000000 9420
2687.000000 9421
2688.000000 9422
2689.000000 9423
2690.000000 9425
2691.000000 9426
2692.000000 9427
2693.000000 9428
2694.000000 9429
2695.000000 9430
2696.000000 9431
2697.000000 9432
2698.000000 9433
2699.000000 9434
2700.000000 9435
2701.000000 9436
2702.000000 9437
2703.000000 9438
2704.000000 9439
2705.000000 9440
2706.000000 9441
2707.000000 9442
2708.000000 9443
2709.000000 9444
2710.000000 9445
2711.000000 9446
2712.000000 9447
2713.000000 9448
2714.000000 9449
2715.000000 9450
2716.000000 9451
2717.000000 9453
2718.000000 9454
2719.000000 9455
2720.000000 9456
2721.000000 9457
2722.000000 9458
2723.000000 9459
2724.000000 9460
2725.000000 9461
2726.000000 9462
2727.000000 9463
2728.000000 9465
2729.000000 9466
2730.000000 9467
2731.000000 9468
2732.000000 9469
2733.000000 9470
2734.000000 9471
2735.000000 9472
2736.000000 9473
2737.000000 9474
2738.000000 9475
2739.000000 9476
2740.000000 9477
2741.000000 9478
2742.000000 9480
2743.000000 9481
2744.000000 9483
2745.000000 9484
2746.000000 9485
2747.000000 9486
2748.000000 9487
2749.000000 9488
2750.000000 9489
2751.000000 9490
2752.000000 9491
2753.000000 9492
2754.000000 9493
2755.000000 9494
2756.000000 9495
2757.000000 9496
2758.000000 9497
2759.000000 9498
2760.000000 9500
2761.000000 9501
2762.000000 9502
2763.000000 9503
2764.000000 9504
2765.000000 9505
2766.000000 9507
2767.000000 9508
2768.000000 9509
2769.000000 9510
2770.000000 9511
2771.000000 9512
2772.000000 9513
2773.000000 9514
2774.000000 9515
2775.000000 9516
2776.000000 9517
2777.000000 9518
2778.000000 9519
2779.000000 9520
2780.000000 9521
2781.000000 9522
2782.000000 9523
2783.000000 9524
2784.000000 9525
2785.000000 9526
2786.000000 9530
2787.000000 9531
2788.000000 9533
2789.000000 9534
2790.000000 9535
2791.000000 9536
2792.000000 9537
2793.000000 9538
2794.000000 9539
2795.000000 9540
